#reader(lib"read.ss""wxme")WXME0108 ## 
#|
   This file is in PLT Scheme editor format.
   Open this file in DrScheme version 370 or later to read it.

   Most likely, it was created by saving a program in DrScheme,
   and it probably contains a program with non-text elements
   (such as images or comment boxes).

            http://www.plt-scheme.org
|#
 28 7 #"wxtext\0"
3 1 6 #"wxtab\0"
1 1 8 #"wxmedia\0"
4 1 8 #"wximage\0"
2 0 34 #"(lib \"syntax-browser.ss\" \"mrlib\")\0"
1 0 16 #"drscheme:number\0"
3 0 44 #"(lib \"number-snip.ss\" \"drscheme\" \"private\")\0"
1 0 36 #"(lib \"comment-snip.ss\" \"framework\")\0"
1 0 43 #"(lib \"collapsed-snipclass.ss\" \"framework\")\0"
0 0 19 #"drscheme:sexp-snip\0"
0 0 33 #"(lib \"bullet-snip.ss\" \"browser\")\0"
0 0 29 #"drscheme:bindings-snipclass%\0"
1 0 36 #"(lib \"cache-image-snip.ss\" \"mrlib\")\0"
1 0 22 #"drscheme:lambda-snip%\0"
1 0 56
(
 #"(lib \"hrule-snip.ss\" \"macro-debugger\" \"syntax-browse"
 #"r\")\0"
) 1 0 18 #"java-comment-box%\0"
1 0 23 #"java-interactions-box%\0"
1 0 45 #"(lib \"image-snipr.ss\" \"slideshow\" \"private\")\0"
1 0 26 #"drscheme:pict-value-snip%\0"
0 0 38 #"(lib \"pict-snipclass.ss\" \"slideshow\")\0"
2 0 55
(
 #"(lib \"vertical-separator-snip.ss\" \"stepper\" \"private"
 #"\")\0"
) 1 0 18 #"drscheme:xml-snip\0"
1 0 31 #"(lib \"xml-snipclass.ss\" \"xml\")\0"
1 0 21 #"drscheme:scheme-snip\0"
2 0 34 #"(lib \"scheme-snipclass.ss\" \"xml\")\0"
1 0 10 #"text-box%\0"
1 0 32 #"(lib \"text-snipclass.ss\" \"xml\")\0"
1 0 15 #"test-case-box%\0"
2 0 1 6 #"wxloc\0"
00000000000 1 54 0 1 #"\0"
0 75 1 #"\0"
0 11 90 -1 90 -1 3 -1 0 1 0 1 0 0 0 0 0 0 0 0 0 0 0 255 255 255 1 -1 0 9
#"Standard\0"
0 75 11 #" Monospace\0"
0 11 90 -1 90 -1 3 -1 0 1 0 1 0 0 0 0 0 0 0 0 0 0 0 255 255 255 1 -1 2 1
#"\0"
0 -1 1 #"\0"
1 0 -1 -1 -1 -1 -1 -1 0 0 0 0 0 0 1 1 1 1 1 1 0 0 0 0 0 0 -1 -1 2 24
#"framework:default-color\0"
0 -1 1 #"\0"
1 0 -1 -1 -1 -1 -1 -1 0 0 0 0 0 0 0 0 0 1 1 1 0 0 0 0 0 0 -1 -1 2 1
#"\0"
0 -1 1 #"\0"
1 0 -1 -1 -1 -1 -1 -1 0 0 0 0 0 0 0 0 0 1 1 1 150 0 150 0 0 0 -1 -1 2 15
#"text:ports out\0"
0 -1 1 #"\0"
1 0 -1 -1 -1 -1 -1 -1 0 0 0 0 0 0 0 0 0 1 1 1 150 0 150 0 0 0 -1 -1 2 1
#"\0"
0 -1 1 #"\0"
1 0 -1 -1 93 -1 -1 -1 0 0 0 0 0 0 0 0 0 1 1 1 255 0 0 0 0 0 -1 -1 2 15
#"text:ports err\0"
0 -1 1 #"\0"
1 0 -1 -1 93 -1 -1 -1 0 0 0 0 0 0 0 0 0 1 1 1 255 0 0 0 0 0 -1 -1 2 1
#"\0"
0 -1 1 #"\0"
1 0 -1 -1 -1 -1 -1 -1 0 0 0 0 0 0 0 0 0 1 1 1 0 0 175 0 0 0 -1 -1 2 17
#"text:ports value\0"
0 -1 1 #"\0"
1 0 -1 -1 -1 -1 -1 -1 0 0 0 0 0 0 0 0 0 1 1 1 0 0 175 0 0 0 -1 -1 2 1
#"\0"
0 -1 1 #"\0"
1 0 92 -1 -1 -1 -1 -1 0 0 0 0 0 0 0 0 0 1 1 1 34 139 34 0 0 0 -1 -1 2 27
#"Matching Parenthesis Style\0"
0 -1 1 #"\0"
1 0 92 -1 -1 -1 -1 -1 0 0 0 0 0 0 0 0 0 1 1 1 34 139 34 0 0 0 -1 -1 2 1
#"\0"
0 -1 1 #"\0"
1 0 -1 -1 -1 -1 -1 -1 0 0 0 0 0 0 0 0 0 1 1 1 38 38 128 0 0 0 -1 -1 2 37
#"framework:syntax-color:scheme:symbol\0"
0 -1 1 #"\0"
1 0 -1 -1 -1 -1 -1 -1 0 0 0 0 0 0 0 0 0 1 1 1 38 38 128 0 0 0 -1 -1 2 38
#"framework:syntax-color:scheme:keyword\0"
0 -1 1 #"\0"
1 0 -1 -1 -1 -1 -1 -1 0 0 0 0 0 0 0 0 0 1 1 1 38 38 128 0 0 0 -1 -1 2 1
#"\0"
0 -1 1 #"\0"
1 0 -1 -1 -1 -1 -1 -1 0 0 0 0 0 0 0 0 0 1 1 1 194 116 31 0 0 0 -1 -1 2
38 #"framework:syntax-color:scheme:comment\0"
0 -1 1 #"\0"
1 0 -1 -1 -1 -1 -1 -1 0 0 0 0 0 0 0 0 0 1 1 1 194 116 31 0 0 0 -1 -1 2 1
#"\0"
0 -1 1 #"\0"
1 0 -1 -1 -1 -1 -1 -1 0 0 0 0 0 0 0 0 0 1 1 1 41 128 38 0 0 0 -1 -1 2 37
#"framework:syntax-color:scheme:string\0"
0 -1 1 #"\0"
1 0 -1 -1 -1 -1 -1 -1 0 0 0 0 0 0 0 0 0 1 1 1 41 128 38 0 0 0 -1 -1 2 39
#"framework:syntax-color:scheme:constant\0"
0 -1 1 #"\0"
1 0 -1 -1 -1 -1 -1 -1 0 0 0 0 0 0 0 0 0 1 1 1 41 128 38 0 0 0 -1 -1 2 1
#"\0"
0 -1 1 #"\0"
1 0 -1 -1 -1 -1 -1 -1 0 0 0 0 0 0 0 0 0 1 1 1 132 60 36 0 0 0 -1 -1 2 42
#"framework:syntax-color:scheme:parenthesis\0"
0 -1 1 #"\0"
1 0 -1 -1 -1 -1 -1 -1 0 0 0 0 0 0 0 0 0 1 1 1 132 60 36 0 0 0 -1 -1 2 1
#"\0"
0 -1 1 #"\0"
1 0 -1 -1 -1 -1 -1 -1 0 0 0 0 0 0 0 0 0 1 1 1 255 0 0 0 0 0 -1 -1 2 36
#"framework:syntax-color:scheme:error\0"
0 -1 1 #"\0"
1 0 -1 -1 -1 -1 -1 -1 0 0 0 0 0 0 0 0 0 1 1 1 255 0 0 0 0 0 -1 -1 2 1
#"\0"
0 -1 1 #"\0"
1 0 -1 -1 -1 -1 -1 -1 0 0 0 0 0 0 0 0 0 1 1 1 0 0 0 0 0 0 -1 -1 2 36
#"framework:syntax-color:scheme:other\0"
0 -1 1 #"\0"
1 0 -1 -1 -1 -1 -1 -1 0 0 0 0 0 0 0 0 0 1 1 1 0 0 0 0 0 0 -1 -1 2 14
#"Html Standard\0"
0 -1 1 #"\0"
1 0 -1 -1 -1 -1 -1 -1 0 0 0 0 0 0 1 1 1 1 1 1 0 0 0 0 0 0 -1 -1 2 1
#"\0"
0 -1 1 #"\0"
1 0 -1 -1 -1 -1 -1 -1 0 0 0 0 0 0 0 0 0 1 1 1 81 112 203 0 0 0 -1 -1 2
38 #"drscheme:check-syntax:lexically-bound\0"
0 -1 1 #"\0"
1 0 -1 -1 -1 -1 -1 -1 0 0 0 0 0 0 0 0 0 1 1 1 81 112 203 0 0 0 -1 -1 2 1
#"\0"
0 -1 1 #"\0"
1 0 -1 -1 -1 -1 -1 -1 0 0 0 0 0 0 0 0 0 1 1 1 68 0 203 0 0 0 -1 -1 2 31
#"drscheme:check-syntax:imported\0"
0 -1 1 #"\0"
1 0 -1 -1 -1 -1 -1 -1 0 0 0 0 0 0 0 0 0 1 1 1 68 0 203 0 0 0 -1 -1 2 35
#"profj:syntax-colors:scheme:keyword\0"
0 -1 1 #"\0"
1 0 -1 -1 -1 -1 -1 -1 0 0 0 0 0 0 0 0 0 1 1 1 0 0 0 0 0 0 -1 -1 2 1
#"\0"
0 -1 1 #"\0"
1 0 -1 -1 -1 -1 -1 -1 0 0 0 0 0 0 0 0 0 1 1 1 139 0 139 0 0 0 -1 -1 2 37
#"profj:syntax-colors:scheme:prim-type\0"
0 -1 1 #"\0"
1 0 -1 -1 -1 -1 -1 -1 0 0 0 0 0 0 0 0 0 1 1 1 139 0 139 0 0 0 -1 -1 2 38
#"profj:syntax-colors:scheme:identifier\0"
0 -1 1 #"\0"
1 0 -1 -1 -1 -1 -1 -1 0 0 0 0 0 0 0 0 0 1 1 1 38 38 128 0 0 0 -1 -1 2 1
#"\0"
0 -1 1 #"\0"
1 0 -1 -1 -1 -1 -1 -1 0 0 0 0 0 0 0 0 0 1 1 1 34 139 34 0 0 0 -1 -1 2 34
#"profj:syntax-colors:scheme:string\0"
0 -1 1 #"\0"
1 0 -1 -1 -1 -1 -1 -1 0 0 0 0 0 0 0 0 0 1 1 1 34 139 34 0 0 0 -1 -1 2 35
#"profj:syntax-colors:scheme:literal\0"
0 -1 1 #"\0"
1 0 -1 -1 -1 -1 -1 -1 0 0 0 0 0 0 0 0 0 1 1 1 34 139 34 0 0 0 -1 -1 2 35
#"profj:syntax-colors:scheme:comment\0"
0 -1 1 #"\0"
1 0 -1 -1 -1 -1 -1 -1 0 0 0 0 0 0 0 0 0 1 1 1 194 116 31 0 0 0 -1 -1 2
33 #"profj:syntax-colors:scheme:error\0"
0 -1 1 #"\0"
1 0 -1 -1 -1 -1 -1 -1 0 0 0 0 0 0 0 0 0 1 1 1 255 0 0 0 0 0 -1 -1 2 35
#"profj:syntax-colors:scheme:default\0"
0 -1 1 #"\0"
1 0 -1 -1 -1 -1 -1 -1 0 0 0 0 0 0 0 0 0 1 1 1 0 0 0 0 0 0 -1 -1 2 37
#"profj:syntax-colors:scheme:uncovered\0"
0 -1 1 #"\0"
1 0 -1 -1 -1 -1 -1 -1 0 0 0 0 0 0 0 0 0 1 1 1 0 0 0 0 0 0 -1 -1 2 35
#"profj:syntax-colors:scheme:covered\0"
0 -1 1 #"\0"
1 0 -1 -1 -1 -1 -1 -1 0 0 0 0 0 0 0 0 0 1 1 1 139 0 139 0 0 0 -1 -1 4 1
#"\0"
0 70 1 #"\0"
1 0 -1 -1 -1 -1 -1 -1 0 0 0 0 0 0 1 1 1 1 1 1 0 0 0 0 0 0 -1 -1 4 4
#"XML\0"
0 70 1 #"\0"
1 0 -1 -1 -1 -1 -1 -1 0 0 0 0 0 0 1 1 1 1 1 1 0 0 0 0 0 0 -1 -1 8 1
#"\0"
0 -1 1 #"\0"
1 0 -1 -1 -1 -1 -1 -1 0 0 0 0 0 0 0 0 0 1 1 1 255 0 0 0 0 0 -1 -1 8 24
#"drscheme:text:ports err\0"
0 -1 1 #"\0"
1 0 -1 -1 -1 -1 -1 -1 0 0 0 0 0 0 0 0 0 1 1 1 255 0 0 0 0 0 -1 -1 4 1
#"\0"
0 71 1 #"\0"
1 0 -1 -1 -1 -1 -1 -1 0 0 0 0 0 0 1 1 1 1 1 1 0 0 0 0 0 0 -1 -1 4 1
#"\0"
0 -1 1 #"\0"
1 0 -1 -1 -1 -1 -1 -1 1 0 0 0 0 0 0 0 0 1 1 1 0 0 255 0 0 0 -1 -1 4 1
#"\0"
0 71 1 #"\0"
1 0 -1 -1 -1 -1 -1 -1 1 0 0 0 0 0 0 0 0 1 1 1 0 0 255 0 0 0 -1 -1 4 1
#"\0"
0 71 1 #"\0"
1 0 -1 -1 -1 -1 -1 -1 0 0 0 0 0 0 0 0 0 1 1 1 0 100 0 0 0 0 -1 -1 0 1
#"\0"
0 -1 1 #"\0"
1 0 -1 -1 -1 -1 -1 -1 0 0 0 0 0 0 0 0 0 1 1 1 200 0 0 0 0 0 -1 -1 4 1
#"\0"
0 75 1 #"\0"
1 0 -1 -1 -1 -1 -1 -1 0 0 0 0 0 0 0 0 0 1 1 1 0 100 0 0 0 0 -1 -1
00000000001 0 00000000000 1983 0 17 3 24 #";bibliotecas necessarias"
0 0 4 29 1 #"\n"
0 0 22 3 1 #"("
0 0 14 3 7 #"require"
0 0 4 3 1 #" "
0 0 22 3 1 #"("
0 0 14 3 3 #"lib"
0 0 4 3 1 #" "
0 0 19 3 10 #"\"swgr.scm\""
0 0 4 3 1 #" "
0 0 19 3 11 #"\"user-feup\""
0 0 22 3 2 #"))"
0 0 4 29 1 #"\n"
0 0 22 3 1 #"("
0 0 14 3 7 #"require"
0 0 4 3 1 #" "
0 0 22 3 1 #"("
0 0 14 3 3 #"lib"
0 0 4 3 1 #" "
0 0 19 3 15 #"\"tabuleiro.scm\""
0 0 4 3 1 #" "
0 0 19 3 11 #"\"user-feup\""
0 0 22 3 2 #"))"
0 0 4 29 1 #"\n"
0 0 4 29 1 #"\n"
0 0 4 29 1 #"\n"
0 0 17 3 15 #";janela do jogo"
0 0 4 29 1 #"\n"
0 0 22 3 1 #"("
0 0 14 3 6 #"janela"
0 0 4 3 1 #" "
0 0 20 3 4 #"1190"
0 0 4 3 1 #" "
0 0 20 3 3 #"720"
0 0 4 3 1 #" "
0 0 19 3 44
(
 #"\"\360\237\220\215  Scheme \316\273 Snake  (alpha build)  \360"
 #"\237\220\215\""
) 0 0 22 3 1 #")"
0 0 4 29 1 #"\n"
0 0 4 29 1 #"\n"
0 0 4 29 1 #"\n"
0 0 22 3 1 #"("
0 0 15 3 6 #"define"
0 0 4 3 1 #" "
0 0 14 3 7 #"tabjogo"
0 0 4 3 1 #" "
0 0 22 3 1 #"("
0 0 14 3 9 #"tabuleiro"
0 0 4 3 1 #" "
0 0 20 3 2 #"10"
0 0 4 3 1 #" "
0 0 20 3 3 #"690"
0 0 4 3 1 #" "
0 0 20 3 2 #"30"
0 0 4 3 1 #" "
0 0 20 3 2 #"39"
0 0 4 3 1 #" "
0 0 20 3 2 #"22"
0 0 22 3 2 #"))"
0 0 4 29 1 #"\n"
0 0 4 29 1 #"\n"
0 0 17 3 27 #";cria posicao inicial cobra"
0 0 4 29 1 #"\n"
0 0 22 3 1 #"("
0 0 15 3 6 #"define"
0 0 4 3 1 #" "
0 0 14 3 10 #"init-snake"
0 0 4 3 1 #" "
0 0 22 3 1 #"("
0 0 14 3 4 #"list"
0 0 4 3 1 #" "
0 0 22 3 1 #"("
0 0 14 3 4 #"cons"
0 0 4 3 1 #" "
0 0 20 3 1 #"0"
0 0 4 3 1 #" "
0 0 20 3 1 #"2"
0 0 22 3 1 #")"
0 0 4 3 1 #" "
0 0 22 3 1 #"("
0 0 14 3 4 #"cons"
0 0 4 3 1 #" "
0 0 20 3 1 #"1"
0 0 4 3 1 #" "
0 0 20 3 1 #"2"
0 0 22 3 1 #")"
0 0 4 3 1 #" "
0 0 22 3 1 #"("
0 0 14 3 4 #"cons"
0 0 4 3 1 #" "
0 0 20 3 1 #"1"
0 0 4 3 1 #" "
0 0 20 3 1 #"3"
0 0 22 3 1 #")"
0 0 4 3 1 #" "
0 0 22 3 1 #"("
0 0 14 3 4 #"cons"
0 0 4 3 1 #" "
0 0 20 3 1 #"1"
0 0 4 3 1 #" "
0 0 20 3 1 #"4"
0 0 22 3 1 #")"
0 0 4 3 1 #" "
0 0 22 3 1 #"("
0 0 14 3 4 #"cons"
0 0 4 3 1 #" "
0 0 20 3 1 #"1"
0 0 4 3 1 #" "
0 0 20 3 1 #"5"
0 0 22 3 1 #")"
0 0 4 3 1 #" "
0 0 22 3 1 #"("
0 0 14 3 4 #"cons"
0 0 4 3 1 #" "
0 0 20 3 1 #"2"
0 0 4 3 1 #" "
0 0 20 3 1 #"5"
0 0 22 3 3 #")))"
0 0 4 29 1 #"\n"
0 0 4 29 1 #"\n"
0 0 17 3 39 #";lista dos tipos de objetos disponiveis"
0 0 4 29 1 #"\n"
0 0 22 3 1 #"("
0 0 15 3 6 #"define"
0 0 4 3 1 #" "
0 0 14 3 11 #"tipo-objeto"
0 0 4 3 1 #" "
0 0 22 3 1 #"("
0 0 14 3 4 #"list"
0 0 4 3 1 #" "
0 0 22 3 1 #"("
0 0 14 3 4 #"cons"
0 0 4 3 1 #" "
0 0 20 3 1 #"'"
0 0 14 3 1 #"p"
0 0 4 3 1 #" "
0 0 20 3 2 #"18"
0 0 22 3 1 #")"
0 0 4 3 1 #" "
0 0 22 3 1 #"("
0 0 14 3 4 #"cons"
0 0 20 3 1 #"'"
0 0 14 3 1 #"n"
0 0 4 3 1 #" "
0 0 20 3 1 #"6"
0 0 22 3 1 #")"
0 0 4 3 1 #" "
0 0 22 3 1 #"("
0 0 14 3 4 #"cons"
0 0 20 3 1 #"'"
0 0 14 3 1 #"s"
0 0 4 3 1 #" "
0 0 20 3 1 #"2"
0 0 22 3 3 #")))"
0 0 4 29 1 #"\n"
0 0 17 3 21 #";objeto atual no jogo"
0 0 4 29 1 #"\n"
0 0 22 3 1 #"("
0 0 15 3 6 #"define"
0 0 4 3 1 #" "
0 0 14 3 17 #"indice-item-atual"
0 0 4 3 1 #" "
0 0 20 3 1 #"0"
0 0 22 3 1 #")"
0 0 4 29 1 #"\n"
0 0 4 29 1 #"\n"
0 0 17 3 68
#";lista de velocidades (normal,rapido,lento) - usadas na funcao sleep"
0 0 4 29 1 #"\n"
0 0 22 3 1 #"("
0 0 15 3 6 #"define"
0 0 4 3 1 #" "
0 0 14 3 10 #"velocidade"
0 0 4 3 1 #" "
0 0 22 3 1 #"("
0 0 14 3 4 #"list"
0 0 4 3 1 #" "
0 0 20 3 4 #"0.05"
0 0 4 3 1 #" "
0 0 20 3 4 #"0.03"
0 0 4 3 1 #" "
0 0 20 3 4 #"0.08"
0 0 22 3 2 #"))"
0 0 4 29 1 #"\n"
0 0 17 3 30 #";velocaidade atual da serpente"
0 0 4 29 1 #"\n"
0 0 22 3 1 #"("
0 0 15 3 6 #"define"
0 0 4 3 1 #" "
0 0 14 3 16 #"velocidade-atual"
0 0 4 3 1 #" "
0 0 22 3 1 #"("
0 0 14 3 8 #"list-ref"
0 0 4 3 1 #" "
0 0 14 3 10 #"velocidade"
0 0 4 3 1 #" "
0 0 20 3 1 #"0"
0 0 22 3 2 #"))"
0 0 4 29 1 #"\n"
0 0 4 29 1 #"\n"
0 0 17 3 28 #";cria\303\247\303\243o de um novo objeto"
0 0 4 29 1 #"\n"
0 0 22 3 1 #"("
0 0 15 3 6 #"define"
0 0 4 3 1 #" "
0 0 14 3 11 #"novo-objeto"
0 0 4 29 1 #"\n"
0 0 4 3 2 #"  "
0 0 22 3 1 #"("
0 0 15 3 6 #"lambda"
0 0 4 3 1 #" "
0 0 22 3 1 #"("
0 0 14 3 5 #"snake"
0 0 4 3 1 #" "
0 0 14 3 8 #"primeiro"
0 0 22 3 1 #")"
0 0 4 29 1 #"\n"
0 0 4 3 4 #"    "
0 0 17 3 48 #";gera duas coordenadas aleat\303\263rias para o objeto"
0 0 4 29 1 #"\n"
0 0 4 3 4 #"    "
0 0 22 3 1 #"("
0 0 15 3 3 #"let"
0 0 4 3 1 #" "
0 0 22 3 2 #"(("
0 0 14 3 5 #"coord"
0 0 4 3 1 #" "
0 0 22 3 1 #"("
0 0 14 3 4 #"cons"
0 0 4 3 1 #" "
0 0 22 3 1 #"("
0 0 14 3 6 #"random"
0 0 4 3 1 #" "
0 0 22 3 1 #"("
0 0 14 3 5 #"cel-x"
0 0 4 3 1 #" "
0 0 14 3 7 #"tabjogo"
0 0 22 3 2 #"))"
0 0 4 3 1 #" "
0 0 22 3 1 #"("
0 0 14 3 6 #"random"
0 0 4 3 1 #" "
0 0 22 3 1 #"("
0 0 14 3 5 #"cel-y"
0 0 4 3 1 #" "
0 0 14 3 7 #"tabjogo"
0 0 22 3 5 #")))))"
0 0 4 29 1 #"\n"
0 0 4 3 4 #"    "
0 0 4 29 1 #"\n"
0 0 4 3 5 #"     "
0 0 17 3 79
(
 #";se a posi\303\247\303\243o do novo objeto coincidir com a serpente"
 #", gera novas coordenadas"
) 0 0 4 29 1 #"\n"
0 0 4 3 5 #"     "
0 0 22 3 1 #"("
0 0 14 3 2 #"if"
0 0 4 3 1 #" "
0 0 22 3 1 #"("
0 0 14 3 6 #"member"
0 0 4 3 1 #" "
0 0 14 3 5 #"coord"
0 0 4 3 1 #" "
0 0 14 3 5 #"snake"
0 0 22 3 1 #")"
0 0 4 29 1 #"\n"
0 0 4 3 9 #"         "
0 0 22 3 1 #"("
0 0 14 3 11 #"novo-objeto"
0 0 4 3 1 #" "
0 0 14 3 5 #"snake"
0 0 4 3 1 #" "
0 0 20 3 2 #"#f"
0 0 22 3 1 #")"
0 0 4 29 1 #"\n"
0 0 4 3 9 #"         "
0 0 4 29 1 #"\n"
0 0 4 3 9 #"         "
0 0 17 3 75
(
 #";gera um aleatorio de 0 100 de modo a definir as probabilidades dos"
 #" objetos"
) 0 0 4 29 1 #"\n"
0 0 4 3 9 #"         "
0 0 22 3 1 #"("
0 0 15 3 3 #"let"
0 0 4 3 1 #" "
0 0 22 3 2 #"(("
0 0 14 3 10 #"item-atual"
0 0 4 3 1 #" "
0 0 22 3 1 #"("
0 0 14 3 6 #"random"
0 0 4 3 1 #" "
0 0 20 3 3 #"100"
0 0 22 3 3 #")))"
0 0 4 29 1 #"\n"
0 0 4 3 11 #"           "
0 0 4 29 1 #"\n"
0 0 4 3 11 #"           "
0 0 17 3 87
(
 #";analisa o objeto comido anteriormente e ajusta a jogabilidade de a"
 #"cordo com o seu tipo"
) 0 0 4 29 1 #"\n"
0 0 4 3 11 #"           "
0 0 22 3 1 #"("
0 0 15 3 4 #"cond"
0 0 4 3 1 #" "
0 0 4 29 1 #"\n"
0 0 4 3 13 #"             "
0 0 22 3 2 #"(("
0 0 14 3 1 #"="
0 0 4 3 1 #" "
0 0 14 3 17 #"indice-item-atual"
0 0 4 3 1 #" "
0 0 20 3 1 #"0"
0 0 22 3 1 #")"
0 0 4 3 1 #" "
0 0 22 3 1 #"("
0 0 14 3 4 #"set!"
0 0 4 3 1 #" "
0 0 14 3 16 #"velocidade-atual"
0 0 4 3 1 #" "
0 0 22 3 1 #"("
0 0 14 3 8 #"list-ref"
0 0 4 3 1 #" "
0 0 14 3 10 #"velocidade"
0 0 4 3 1 #" "
0 0 20 3 1 #"0"
0 0 22 3 3 #")))"
0 0 4 29 1 #"\n"
0 0 4 3 13 #"             "
0 0 22 3 2 #"(("
0 0 14 3 1 #"="
0 0 4 3 1 #" "
0 0 14 3 17 #"indice-item-atual"
0 0 4 3 1 #" "
0 0 20 3 1 #"1"
0 0 22 3 1 #")"
0 0 4 3 1 #" "
0 0 22 3 1 #"("
0 0 14 3 4 #"set!"
0 0 4 3 1 #" "
0 0 14 3 16 #"velocidade-atual"
0 0 4 3 1 #" "
0 0 22 3 1 #"("
0 0 14 3 8 #"list-ref"
0 0 4 3 1 #" "
0 0 14 3 10 #"velocidade"
0 0 4 3 1 #" "
0 0 20 3 1 #"1"
0 0 22 3 3 #")))"
0 0 4 29 1 #"\n"
0 0 4 3 13 #"             "
0 0 22 3 2 #"(("
0 0 14 3 1 #"="
0 0 4 3 1 #" "
0 0 14 3 17 #"indice-item-atual"
0 0 4 3 1 #" "
0 0 20 3 1 #"2"
0 0 22 3 1 #")"
0 0 4 3 1 #" "
0 0 22 3 1 #"("
0 0 14 3 4 #"set!"
0 0 4 3 1 #" "
0 0 14 3 16 #"velocidade-atual"
0 0 4 3 1 #" "
0 0 22 3 1 #"("
0 0 14 3 8 #"list-ref"
0 0 4 3 1 #" "
0 0 14 3 10 #"velocidade"
0 0 4 3 1 #" "
0 0 20 3 1 #"2"
0 0 22 3 4 #"))))"
0 0 4 29 1 #"\n"
0 0 4 3 11 #"           "
0 0 4 29 1 #"\n"
0 0 4 3 11 #"           "
0 0 17 3 51 #";define o objeto atual a ser desenhado no tabuleiro"
0 0 4 29 1 #"\n"
0 0 4 3 11 #"           "
0 0 17 3 111
(
 #";cada objeto tem uma determinada probabilidade de aparecer de acord"
 #"o com o valor gerado anteriormente (0%-100%)"
) 0 0 4 29 1 #"\n"
0 0 4 3 11 #"           "
0 0 22 3 1 #"("
0 0 15 3 4 #"cond"
0 0 4 3 1 #" "
0 0 4 29 1 #"\n"
0 0 4 3 13 #"             "
0 0 17 3 58
#";se o objeto for o primeiro do jogo, entao ignora-se o val"
0 0 17 3 48 #"or gerado e s\303\243o establecidas as regras iniciais"
0 0 4 29 1 #"\n"
0 0 4 3 13 #"             "
0 0 22 3 2 #"(("
0 0 14 3 2 #"or"
0 0 4 3 1 #" "
0 0 22 3 1 #"("
0 0 14 3 2 #"<="
0 0 4 3 1 #" "
0 0 14 3 10 #"item-atual"
0 0 4 3 1 #" "
0 0 20 3 2 #"70"
0 0 22 3 1 #")"
0 0 4 3 1 #" "
0 0 14 3 8 #"primeiro"
0 0 22 3 1 #")"
0 0 4 3 1 #" "
0 0 22 3 1 #"("
0 0 14 3 4 #"set!"
0 0 4 3 1 #" "
0 0 14 3 17 #"indice-item-atual"
0 0 4 3 1 #" "
0 0 20 3 1 #"0"
0 0 22 3 2 #"))"
0 0 4 29 1 #"\n"
0 0 4 3 13 #"             "
0 0 22 3 2 #"(("
0 0 14 3 3 #"and"
0 0 4 3 1 #" "
0 0 22 3 1 #"("
0 0 14 3 2 #"<="
0 0 4 3 1 #" "
0 0 14 3 10 #"item-atual"
0 0 4 3 1 #" "
0 0 20 3 2 #"85"
0 0 22 3 1 #")"
0 0 4 3 1 #" "
0 0 22 3 1 #"("
0 0 14 3 1 #">"
0 0 4 3 1 #" "
0 0 14 3 10 #"item-atual"
0 0 4 3 1 #" "
0 0 20 3 2 #"50"
0 0 22 3 2 #"))"
0 0 4 3 1 #" "
0 0 22 3 1 #"("
0 0 14 3 4 #"set!"
0 0 4 3 1 #" "
0 0 14 3 17 #"indice-item-atual"
0 0 4 3 1 #" "
0 0 20 3 1 #"1"
0 0 22 3 2 #"))"
0 0 4 29 1 #"\n"
0 0 4 3 13 #"             "
0 0 22 3 2 #"(("
0 0 14 3 3 #"and"
0 0 4 3 1 #" "
0 0 22 3 1 #"("
0 0 14 3 2 #"<="
0 0 4 3 1 #" "
0 0 14 3 10 #"item-atual"
0 0 4 3 1 #" "
0 0 20 3 3 #"100"
0 0 22 3 1 #")"
0 0 4 3 1 #" "
0 0 22 3 1 #"("
0 0 14 3 1 #">"
0 0 4 3 1 #" "
0 0 14 3 10 #"item-atual"
0 0 4 3 1 #" "
0 0 20 3 2 #"85"
0 0 22 3 2 #"))"
0 0 4 3 1 #" "
0 0 22 3 1 #"("
0 0 14 3 4 #"set!"
0 0 4 3 1 #" "
0 0 14 3 17 #"indice-item-atual"
0 0 4 3 1 #" "
0 0 20 3 1 #"2"
0 0 22 3 3 #")))"
0 0 4 29 1 #"\n"
0 0 4 3 11 #"           "
0 0 4 29 1 #"\n"
0 0 4 3 11 #"           "
0 0 4 29 1 #"\n"
0 0 4 3 4 #"    "
0 0 17 3 52
#";cria o objeto na c\303\251lua indicada (s\303\255mbolo e fundo)"
0 0 4 29 1 #"\n"
0 0 4 3 4 #"    "
0 0 22 3 1 #"("
0 0 14 3 6 #"celula"
0 0 4 3 1 #" "
0 0 14 3 7 #"tabjogo"
0 0 4 3 1 #" "
0 0 22 3 1 #"("
0 0 14 3 3 #"car"
0 0 4 3 1 #" "
0 0 14 3 5 #"coord"
0 0 22 3 1 #")"
0 0 4 3 1 #" "
0 0 22 3 1 #"("
0 0 14 3 3 #"cdr"
0 0 4 3 1 #" "
0 0 14 3 5 #"coord"
0 0 22 3 1 #")"
0 0 4 3 1 #" "
0 0 20 3 1 #"'"
0 0 14 3 1 #"l"
0 0 4 3 1 #" "
0 0 22 3 1 #"("
0 0 14 3 3 #"cdr"
0 0 4 3 1 #" "
0 0 22 3 1 #"("
0 0 14 3 8 #"list-ref"
0 0 4 3 1 #" "
0 0 14 3 11 #"tipo-objeto"
0 0 4 3 1 #" "
0 0 14 3 17 #"indice-item-atual"
0 0 22 3 3 #")))"
0 0 4 29 1 #"\n"
0 0 4 3 4 #"    "
0 0 22 3 1 #"("
0 0 14 3 6 #"celula"
0 0 4 3 1 #" "
0 0 14 3 7 #"tabjogo"
0 0 4 3 1 #" "
0 0 22 3 1 #"("
0 0 14 3 3 #"car"
0 0 4 3 1 #" "
0 0 14 3 5 #"coord"
0 0 22 3 1 #")"
0 0 4 3 1 #" "
0 0 22 3 1 #"("
0 0 14 3 3 #"cdr"
0 0 4 3 1 #" "
0 0 14 3 5 #"coord"
0 0 22 3 1 #")"
0 0 4 3 1 #" "
0 0 22 3 1 #"("
0 0 14 3 3 #"car"
0 0 4 3 1 #" "
0 0 22 3 1 #"("
0 0 14 3 8 #"list-ref"
0 0 4 3 1 #" "
0 0 14 3 11 #"tipo-objeto"
0 0 4 3 1 #" "
0 0 14 3 17 #"indice-item-atual"
0 0 22 3 2 #"))"
0 0 4 3 1 #" "
0 0 20 3 2 #"26"
0 0 22 3 1 #")"
0 0 4 29 1 #"\n"
0 0 4 3 9 #"         "
0 0 4 29 1 #"\n"
0 0 4 3 11 #"           "
0 0 4 29 1 #"\n"
0 0 4 3 6 #"      "
0 0 14 3 5 #"coord"
0 0 22 3 5 #")))))"
0 0 4 29 1 #"\n"
0 0 4 29 1 #"\n"
0 0 22 3 1 #"("
0 0 15 3 6 #"define"
0 0 4 3 1 #" "
0 0 14 3 6 #"objeto"
0 0 4 3 1 #" "
0 0 22 3 1 #"("
0 0 14 3 11 #"novo-objeto"
0 0 4 3 1 #" "
0 0 14 3 10 #"init-snake"
0 0 4 3 1 #" "
0 0 20 3 2 #"#t"
0 0 22 3 2 #"))"
0 0 4 29 1 #"\n"
0 0 4 29 1 #"\n"
0 0 17 3 56 #";inicializa as variaveis relativas a pontuacao mais alta"
0 0 4 29 1 #"\n"
0 0 22 3 1 #"("
0 0 15 3 6 #"define"
0 0 4 3 1 #" "
0 0 14 3 8 #"pontalta"
0 0 4 3 1 #" "
0 0 20 3 1 #"0"
0 0 22 3 1 #")"
0 0 4 29 1 #"\n"
0 0 22 3 1 #"("
0 0 15 3 6 #"define"
0 0 4 3 1 #" "
0 0 14 3 4 #"pont"
0 0 4 3 1 #" "
0 0 20 3 1 #"0"
0 0 22 3 1 #")"
0 0 4 29 1 #"\n"
0 0 22 3 1 #"("
0 0 15 3 6 #"define"
0 0 4 3 1 #" "
0 0 14 3 12 #"pontalta-pos"
0 0 4 3 1 #" "
0 0 22 3 1 #"("
0 0 14 3 4 #"list"
0 0 4 3 1 #" "
0 0 20 3 4 #"1120"
0 0 4 3 1 #" "
0 0 20 3 2 #"10"
0 0 22 3 2 #"))"
0 0 4 29 1 #"\n"
0 0 22 3 1 #"("
0 0 15 3 6 #"define"
0 0 4 3 1 #" "
0 0 14 3 8 #"pont-pos"
0 0 4 3 1 #" "
0 0 22 3 1 #"("
0 0 14 3 4 #"list"
0 0 4 3 1 #" "
0 0 20 3 3 #"820"
0 0 4 3 1 #" "
0 0 20 3 2 #"10"
0 0 22 3 2 #"))"
0 0 4 29 1 #"\n"
0 0 4 29 1 #"\n"
0 0 17 3 16 #";desenha legenda"
0 0 4 29 1 #"\n"
0 0 22 3 1 #"("
0 0 15 3 6 #"define"
0 0 4 3 1 #" "
0 0 14 3 12 #"init-legenda"
0 0 4 29 1 #"\n"
0 0 4 3 1 #" "
0 0 22 3 1 #"("
0 0 15 3 6 #"lambda"
0 0 4 3 1 #" "
0 0 22 3 2 #"()"
0 0 4 29 1 #"\n"
0 0 4 3 3 #"   "
0 0 4 29 1 #"\n"
0 0 4 3 3 #"   "
0 0 22 3 1 #"("
0 0 14 3 4 #"move"
0 0 4 3 1 #" "
0 0 22 3 1 #"("
0 0 14 3 4 #"list"
0 0 4 3 1 #" "
0 0 20 3 2 #"10"
0 0 4 3 1 #" "
0 0 20 3 3 #"698"
0 0 22 3 2 #"))"
0 0 4 29 1 #"\n"
0 0 4 3 3 #"   "
0 0 22 3 1 #"("
0 0 14 3 3 #"cor"
0 0 4 3 1 #" "
0 0 20 3 1 #"0"
0 0 22 3 1 #")"
0 0 4 29 1 #"\n"
0 0 4 3 3 #"   "
0 0 22 3 1 #"("
0 0 14 3 11 #"desenha-txt"
0 0 4 3 1 #" "
0 0 19 3 131
(
 #"\"\360\237\220\215  Scheme \316\273 Snake  (alpha build)  \360"
 #"\237\220\215                       Fundamentos da Programa\303\247"
 #"\303\243o  FEUP  2017                         "
) 0 0 19 3 11 #"Programado "
0 0 19 11 4 #"por "
0 0 19 3 14 #"Tiago Ribeiro\""
0 0 22 3 1 #")"
0 0 19 29 1 #"\n"
0 0 19 3 3 #"   "
0 0 19 29 1 #"\n"
0 0 19 3 3 #"   "
0 0 19 29 1 #"\n"
0 0 19 3 3 #"   "
0 0 22 3 1 #"("
0 0 14 3 4 #"move"
0 0 19 3 1 #" "
0 0 22 3 1 #"("
0 0 14 3 4 #"list"
0 0 19 3 1 #" "
0 0 20 3 2 #"10"
0 0 19 3 1 #" "
0 0 20 3 2 #"10"
0 0 22 3 2 #"))"
0 0 19 29 1 #"\n"
0 0 19 3 3 #"   "
0 0 22 3 1 #"("
0 0 14 3 11 #"desenha-txt"
0 0 19 3 10 #" \"Legenda:"
0 0 19 3 6 #"     \""
0 0 22 3 1 #")"
0 0 19 29 1 #"\n"
0 0 19 3 3 #"   "
0 0 19 29 1 #"\n"
0 0 19 3 3 #"   "
0 0 22 3 1 #"("
0 0 14 3 3 #"cor"
0 0 19 3 1 #" "
0 0 20 3 2 #"18"
0 0 22 3 1 #")"
0 0 19 29 1 #"\n"
0 0 19 3 3 #"   "
0 0 22 3 1 #"("
0 0 14 3 11 #"desenha-txt"
0 0 19 3 1 #" "
0 0 22 3 1 #"("
0 0 14 3 14 #"symbol->string"
0 0 19 3 1 #" "
0 0 20 3 1 #"'"
0 0 14 3 3 #"\342\227\217"
0 0 22 3 2 #"))"
0 0 19 29 1 #"\n"
0 0 19 3 3 #"   "
0 0 22 3 1 #"("
0 0 14 3 3 #"cor"
0 0 19 3 1 #" "
0 0 20 3 1 #"0"
0 0 22 3 1 #")"
0 0 19 29 1 #"\n"
0 0 19 3 3 #"   "
0 0 22 3 1 #"("
0 0 14 3 11 #"desenha-txt"
0 0 19 3 3 #" \" "
0 0 19 3 1 #"-"
0 0 19 3 1 #" "
0 0 19 3 4 #"Item"
0 0 19 3 7 #" Normal"
0 0 19 3 7 #"      \""
0 0 22 3 1 #")"
0 0 19 29 1 #"\n"
0 0 19 3 3 #"   "
0 0 19 29 1 #"\n"
0 0 19 3 3 #"   "
0 0 22 3 1 #"("
0 0 14 3 3 #"cor"
0 0 19 3 1 #" "
0 0 20 3 1 #"6"
0 0 22 3 1 #")"
0 0 19 29 1 #"\n"
0 0 19 3 3 #"   "
0 0 22 3 1 #"("
0 0 14 3 11 #"desenha-txt"
0 0 19 3 1 #" "
0 0 22 3 1 #"("
0 0 14 3 14 #"symbol->string"
0 0 19 3 1 #" "
0 0 20 3 1 #"'"
0 0 14 3 3 #"\342\206\221"
0 0 22 3 2 #"))"
0 0 19 29 1 #"\n"
0 0 19 3 3 #"   "
0 0 22 3 1 #"("
0 0 14 3 3 #"cor"
0 0 19 3 1 #" "
0 0 20 3 1 #"0"
0 0 22 3 1 #")"
0 0 19 29 1 #"\n"
0 0 19 3 3 #"   "
0 0 22 3 1 #"("
0 0 14 3 11 #"desenha-txt"
0 0 19 3 3 #" \" "
0 0 19 3 1 #"-"
0 0 19 3 1 #" "
0 0 19 3 4 #"Item"
0 0 19 3 8 #" R\303\241pido"
0 0 19 3 6 #"     \""
0 0 22 3 1 #")"
0 0 19 29 1 #"\n"
0 0 19 3 3 #"   "
0 0 19 29 1 #"\n"
0 0 19 3 3 #"   "
0 0 22 3 1 #"("
0 0 14 3 3 #"cor"
0 0 19 3 1 #" "
0 0 20 3 1 #"2"
0 0 22 3 1 #")"
0 0 19 29 1 #"\n"
0 0 19 3 3 #"   "
0 0 22 3 1 #"("
0 0 14 3 11 #"desenha-txt"
0 0 19 3 1 #" "
0 0 22 3 1 #"("
0 0 14 3 14 #"symbol->string"
0 0 19 3 1 #" "
0 0 20 3 1 #"'"
0 0 14 3 3 #"\342\206\223"
0 0 22 3 2 #"))"
0 0 19 29 1 #"\n"
0 0 19 3 3 #"   "
0 0 22 3 1 #"("
0 0 14 3 3 #"cor"
0 0 19 3 1 #" "
0 0 20 3 1 #"0"
0 0 22 3 1 #")"
0 0 19 29 1 #"\n"
0 0 19 3 3 #"   "
0 0 22 3 1 #"("
0 0 14 3 11 #"desenha-txt"
0 0 19 3 3 #" \" "
0 0 19 3 1 #"-"
0 0 19 3 1 #" "
0 0 19 3 4 #"Item"
0 0 19 3 6 #" Lento"
0 0 19 3 7 #"      \""
0 0 22 3 1 #")"
0 0 19 29 1 #"\n"
0 0 19 3 3 #"   "
0 0 19 29 1 #"\n"
0 0 19 3 3 #"   "
0 0 22 3 1 #"("
0 0 14 3 11 #"desenha-txt"
0 0 19 3 38 #" \"                        Pontua\303\247\303\243o:"
0 0 19 3 9 #"        \""
0 0 22 3 1 #")"
0 0 19 29 1 #"\n"
0 0 19 3 3 #"   "
0 0 22 3 1 #"("
0 0 14 3 11 #"desenha-txt"
0 0 19 3 22 #" \"                    "
0 0 19 3 11 #"Pontua\303\247\303\243o"
0 0 19 3 9 #" M\303\241xima:"
0 0 19 3 5 #"    \""
0 0 22 3 3 #")))"
0 0 19 29 1 #"\n"
0 0 19 29 1 #"\n"
0 0 17 3 30 #";carrega a pontuacao mais alta"
0 0 19 29 1 #"\n"
0 0 22 3 1 #"("
0 0 15 3 6 #"define"
0 0 19 3 1 #" "
0 0 14 3 13 #"load-pontalta"
0 0 19 3 1 #" "
0 0 19 29 1 #"\n"
0 0 19 3 2 #"  "
0 0 22 3 1 #"("
0 0 15 3 6 #"lambda"
0 0 19 3 1 #" "
0 0 22 3 2 #"()"
0 0 19 29 1 #"\n"
0 0 19 3 4 #"    "
0 0 19 29 1 #"\n"
0 0 19 3 9 #"         "
0 0 22 3 1 #"("
0 0 14 3 2 #"if"
0 0 19 3 1 #" "
0 0 22 3 1 #"("
0 0 14 3 3 #"not"
0 0 22 3 1 #"("
0 0 14 3 12 #"file-exists?"
0 0 19 3 23 #" \"snakescheme_score.txt"
0 0 19 3 1 #"\""
0 0 22 3 2 #"))"
0 0 19 29 1 #"\n"
0 0 19 3 13 #"             "
0 0 17 3 72
(
 #";se nao exitir ficheiro de pontuacao alta e criado um novo com o va"
 #"lor 0"
) 0 0 19 29 1 #"\n"
0 0 19 3 9 #"         "
0 0 22 3 1 #"("
0 0 15 3 6 #"letrec"
0 0 19 3 1 #" "
0 0 22 3 2 #"(("
0 0 14 3 13 #"novo-ficheiro"
0 0 19 3 1 #" "
0 0 22 3 1 #"("
0 0 14 3 16 #"open-output-file"
0 0 19 3 23 #" \"snakescheme_score.txt"
0 0 19 3 1 #"\""
0 0 22 3 3 #")))"
0 0 19 29 1 #"\n"
0 0 19 3 11 #"           "
0 0 22 3 1 #"("
0 0 14 3 7 #"display"
0 0 19 3 1 #" "
0 0 20 3 1 #"0"
0 0 19 3 1 #" "
0 0 14 3 13 #"novo-ficheiro"
0 0 22 3 1 #")"
0 0 19 29 1 #"\n"
0 0 19 3 11 #"           "
0 0 22 3 1 #"("
0 0 14 3 17 #"close-output-port"
0 0 19 3 1 #" "
0 0 14 3 13 #"novo-ficheiro"
0 0 22 3 3 #")))"
0 0 19 29 1 #"\n"
0 0 19 3 4 #"    "
0 0 17 3 57 #";carregar o valor do ficheiro para a pontuacao alta atual"
0 0 19 29 1 #"\n"
0 0 19 3 4 #"    "
0 0 22 3 1 #"("
0 0 14 3 4 #"set!"
0 0 19 3 1 #" "
0 0 14 3 8 #"pontalta"
0 0 19 3 1 #" "
0 0 22 3 1 #"("
0 0 14 3 4 #"read"
0 0 22 3 1 #"("
0 0 14 3 15 #"open-input-file"
0 0 19 3 23 #" \"snakescheme_score.txt"
0 0 19 3 1 #"\""
0 0 22 3 3 #")))"
0 0 19 29 1 #"\n"
0 0 19 3 4 #"    "
0 0 22 3 1 #"("
0 0 14 3 4 #"move"
0 0 19 3 1 #" "
0 0 14 3 12 #"pontalta-pos"
0 0 22 3 1 #")"
0 0 19 29 1 #"\n"
0 0 19 3 4 #"    "
0 0 22 3 1 #"("
0 0 14 3 3 #"cor"
0 0 19 3 1 #" "
0 0 20 3 1 #"0"
0 0 22 3 1 #")"
0 0 19 29 1 #"\n"
0 0 19 3 3 #"   "
0 0 22 3 1 #"("
0 0 14 3 11 #"desenha-txt"
0 0 19 3 1 #" "
0 0 22 3 1 #"("
0 0 14 3 14 #"number->string"
0 0 19 3 2 #"  "
0 0 14 3 8 #"pontalta"
0 0 22 3 4 #"))))"
0 0 19 3 5 #"     "
0 0 19 29 1 #"\n"
0 0 19 29 1 #"\n"
0 0 19 29 1 #"\n"
0 0 19 29 1 #"\n"
0 0 17 3 19 #";desenha high-score"
0 0 19 29 1 #"\n"
0 0 22 3 1 #"("
0 0 15 3 6 #"define"
0 0 19 3 1 #" "
0 0 14 3 18 #"atualiza-pontuacao"
0 0 19 29 1 #"\n"
0 0 19 3 1 #" "
0 0 22 3 1 #"("
0 0 15 3 6 #"lambda"
0 0 19 3 1 #" "
0 0 22 3 1 #"("
0 0 14 3 6 #"pontos"
0 0 22 3 1 #")"
0 0 19 29 1 #"\n"
0 0 19 3 3 #"   "
0 0 17 3 23 #";limpa o valor anterior"
0 0 19 29 1 #"\n"
0 0 19 3 3 #"   "
0 0 22 3 1 #"("
0 0 14 3 4 #"move"
0 0 19 3 1 #" "
0 0 14 3 8 #"pont-pos"
0 0 22 3 1 #")"
0 0 19 29 1 #"\n"
0 0 19 3 3 #"   "
0 0 22 3 1 #"("
0 0 14 3 3 #"cor"
0 0 19 3 1 #" "
0 0 20 3 2 #"26"
0 0 22 3 1 #")"
0 0 19 29 1 #"\n"
0 0 19 3 3 #"   "
0 0 22 3 1 #"("
0 0 14 3 11 #"desenha-txt"
0 0 19 3 1 #" "
0 0 22 3 1 #"("
0 0 14 3 14 #"number->string"
0 0 19 3 2 #"  "
0 0 14 3 4 #"pont"
0 0 22 3 2 #"))"
0 0 19 29 1 #"\n"
0 0 19 3 3 #"   "
0 0 19 29 1 #"\n"
0 0 19 3 3 #"   "
0 0 17 3 21 #";desenha o novo valor"
0 0 19 29 1 #"\n"
0 0 19 3 3 #"   "
0 0 22 3 1 #"("
0 0 14 3 4 #"move"
0 0 19 3 1 #" "
0 0 14 3 8 #"pont-pos"
0 0 22 3 1 #")"
0 0 19 29 1 #"\n"
0 0 19 3 3 #"   "
0 0 22 3 1 #"("
0 0 14 3 3 #"cor"
0 0 19 3 1 #" "
0 0 20 3 1 #"0"
0 0 22 3 1 #")"
0 0 19 29 1 #"\n"
0 0 19 3 3 #"   "
0 0 22 3 1 #"("
0 0 14 3 4 #"set!"
0 0 19 3 1 #" "
0 0 14 3 4 #"pont"
0 0 19 3 1 #" "
0 0 22 3 1 #"("
0 0 14 3 1 #"+"
0 0 19 3 1 #" "
0 0 14 3 4 #"pont"
0 0 19 3 1 #" "
0 0 14 3 6 #"pontos"
0 0 22 3 2 #"))"
0 0 19 29 1 #"\n"
0 0 19 3 3 #"   "
0 0 22 3 1 #"("
0 0 14 3 11 #"desenha-txt"
0 0 19 3 1 #" "
0 0 22 3 1 #"("
0 0 14 3 14 #"number->string"
0 0 19 3 2 #"  "
0 0 14 3 4 #"pont"
0 0 22 3 2 #"))"
0 0 19 29 1 #"\n"
0 0 19 3 3 #"   "
0 0 17 3 96
(
 #";se a pontucao atual bater a high-score previamente guardada, o val"
 #"or desta e atualizado no ecra"
) 0 0 19 29 1 #"\n"
0 0 19 3 3 #"   "
0 0 22 3 1 #"("
0 0 14 3 2 #"if"
0 0 19 3 1 #" "
0 0 22 3 1 #"("
0 0 14 3 1 #">"
0 0 19 3 1 #" "
0 0 14 3 4 #"pont"
0 0 19 3 1 #" "
0 0 14 3 8 #"pontalta"
0 0 22 3 1 #")"
0 0 19 29 1 #"\n"
0 0 19 3 7 #"       "
0 0 22 3 1 #"("
0 0 15 3 5 #"begin"
0 0 19 29 1 #"\n"
0 0 19 3 9 #"         "
0 0 22 3 1 #"("
0 0 14 3 4 #"move"
0 0 19 3 1 #" "
0 0 14 3 12 #"pontalta-pos"
0 0 22 3 1 #")"
0 0 19 29 1 #"\n"
0 0 19 3 9 #"         "
0 0 22 3 1 #"("
0 0 14 3 3 #"cor"
0 0 19 3 1 #" "
0 0 20 3 2 #"26"
0 0 22 3 1 #")"
0 0 19 29 1 #"\n"
0 0 19 3 9 #"         "
0 0 22 3 1 #"("
0 0 14 3 11 #"desenha-txt"
0 0 19 3 1 #" "
0 0 22 3 1 #"("
0 0 14 3 14 #"number->string"
0 0 19 3 1 #" "
0 0 22 3 1 #"("
0 0 14 3 1 #"-"
0 0 19 3 1 #" "
0 0 14 3 4 #"pont"
0 0 19 3 1 #" "
0 0 14 3 6 #"pontos"
0 0 22 3 3 #")))"
0 0 19 29 1 #"\n"
0 0 19 3 9 #"         "
0 0 19 29 1 #"\n"
0 0 19 3 9 #"         "
0 0 22 3 1 #"("
0 0 14 3 4 #"move"
0 0 19 3 1 #" "
0 0 14 3 12 #"pontalta-pos"
0 0 22 3 1 #")"
0 0 19 29 1 #"\n"
0 0 19 3 9 #"         "
0 0 22 3 1 #"("
0 0 14 3 3 #"cor"
0 0 19 3 1 #" "
0 0 20 3 1 #"0"
0 0 22 3 1 #")"
0 0 19 29 1 #"\n"
0 0 19 3 9 #"         "
0 0 22 3 1 #"("
0 0 14 3 11 #"desenha-txt"
0 0 19 3 1 #" "
0 0 22 3 1 #"("
0 0 14 3 14 #"number->string"
0 0 19 3 2 #"  "
0 0 14 3 4 #"pont"
0 0 22 3 6 #"))))))"
0 0 19 29 1 #"\n"
0 0 19 29 1 #"\n"
0 0 17 3 31 #";procedimento de inicio do jogo"
0 0 19 29 1 #"\n"
0 0 22 3 1 #"("
0 0 15 3 6 #"define"
0 0 19 3 1 #" "
0 0 14 3 4 #"jogo"
0 0 19 29 1 #"\n"
0 0 19 3 2 #"  "
0 0 22 3 1 #"("
0 0 15 3 6 #"lambda"
0 0 19 3 1 #" "
0 0 22 3 1 #"("
0 0 14 3 5 #"snake"
0 0 22 3 1 #")"
0 0 19 29 1 #"\n"
0 0 19 3 4 #"    "
0 0 17 3 24 #";incializa\303\247\303\243o da cobra"
0 0 19 29 1 #"\n"
0 0 19 3 4 #"    "
0 0 22 3 1 #"("
0 0 14 3 7 #"celulas"
0 0 19 3 1 #" "
0 0 14 3 7 #"tabjogo"
0 0 19 3 1 #" "
0 0 14 3 5 #"snake"
0 0 19 3 1 #" "
0 0 20 3 1 #"'"
0 0 14 3 1 #"l"
0 0 19 3 1 #" "
0 0 20 3 1 #"0"
0 0 19 3 1 #" "
0 0 20 3 1 #"0"
0 0 22 3 1 #")"
0 0 19 29 1 #"\n"
0 0 19 3 4 #"    "
0 0 19 29 1 #"\n"
0 0 19 3 4 #"    "
0 0 22 3 1 #"("
0 0 14 3 13 #"load-pontalta"
0 0 22 3 1 #")"
0 0 19 3 4 #"    "
0 0 19 29 1 #"\n"
0 0 19 3 4 #"    "
0 0 22 3 1 #"("
0 0 14 3 12 #"init-legenda"
0 0 22 3 1 #")"
0 0 19 29 1 #"\n"
0 0 19 3 4 #"    "
0 0 22 3 1 #"("
0 0 14 3 18 #"atualiza-pontuacao"
0 0 19 3 1 #" "
0 0 20 3 1 #"0"
0 0 22 3 1 #")"
0 0 19 29 1 #"\n"
0 0 19 3 4 #"    "
0 0 19 29 1 #"\n"
0 0 19 3 4 #"    "
0 0 22 3 1 #"("
0 0 15 3 6 #"letrec"
0 0 19 3 1 #" "
0 0 22 3 2 #"(("
0 0 14 3 5 #"snake"
0 0 19 3 1 #" "
0 0 14 3 10 #"init-snake"
0 0 22 3 1 #")"
0 0 19 29 1 #"\n"
0 0 19 3 13 #"             "
0 0 22 3 1 #"("
0 0 14 3 7 #"direcao"
0 0 19 3 1 #" "
0 0 20 3 1 #"'"
0 0 14 3 5 #"right"
0 0 22 3 1 #")"
0 0 19 29 1 #"\n"
0 0 19 3 13 #"             "
0 0 17 3 86
(
 #";procedimento auxiliar respons\303\241vel por ler o teclado e atual"
 #"izar recusivamente o jogo"
) 0 0 19 29 1 #"\n"
0 0 19 3 13 #"             "
0 0 22 3 1 #"("
0 0 14 3 9 #"principal"
0 0 19 29 1 #"\n"
0 0 19 3 14 #"              "
0 0 22 3 1 #"("
0 0 15 3 6 #"lambda"
0 0 19 3 1 #" "
0 0 22 3 1 #"("
0 0 14 3 5 #"snake"
0 0 22 3 1 #")"
0 0 19 29 1 #"\n"
0 0 19 3 16 #"                "
0 0 19 29 1 #"\n"
0 0 19 3 18 #"                  "
0 0 19 29 1 #"\n"
0 0 19 3 16 #"                "
0 0 17 3 55 #";intervalo de tempo para controlar a velocidade do jogo"
0 0 19 29 1 #"\n"
0 0 19 3 16 #"                "
0 0 22 3 1 #"("
0 0 14 3 5 #"sleep"
0 0 19 3 1 #" "
0 0 14 3 16 #"velocidade-atual"
0 0 22 3 1 #")"
0 0 19 29 1 #"\n"
0 0 19 3 16 #"                "
0 0 17 3 42 #";dete\303\247\303\243o da tecla pressionada no momento"
0 0 19 29 1 #"\n"
0 0 19 3 16 #"                "
0 0 22 3 1 #"("
0 0 15 3 3 #"let"
0 0 19 3 1 #" "
0 0 22 3 2 #"(("
0 0 14 3 4 #"temp"
0 0 19 3 1 #" "
0 0 20 3 2 #"#t"
0 0 22 3 1 #")"
0 0 19 29 1 #"\n"
0 0 19 3 22 #"                      "
0 0 22 3 1 #"("
0 0 14 3 5 #"tecla"
0 0 19 3 1 #" "
0 0 22 3 1 #"("
0 0 14 3 17 #"tecla-pressionada"
0 0 19 3 1 #" "
0 0 20 3 2 #"#f"
0 0 22 3 3 #")))"
0 0 19 29 1 #"\n"
0 0 19 3 18 #"                  "
0 0 19 29 1 #"\n"
0 0 19 3 16 #"                "
0 0 17 3 58
(
 #";mudan\303\247a de dire\303\247\303\243o apenas se for pressionada "
 #"uma tecla"
) 0 0 19 29 1 #"\n"
0 0 19 3 16 #"                "
0 0 22 3 1 #"("
0 0 14 3 2 #"if"
0 0 19 3 1 #" "
0 0 22 3 1 #"("
0 0 14 3 3 #"not"
0 0 19 3 1 #" "
0 0 22 3 1 #"("
0 0 14 3 5 #"void?"
0 0 19 3 1 #" "
0 0 14 3 5 #"tecla"
0 0 22 3 2 #"))"
0 0 19 29 1 #"\n"
0 0 19 3 20 #"                    "
0 0 17 3 62
#";impede que o jogador vire a cobra contra si mesma (180 graus)"
0 0 19 29 1 #"\n"
0 0 19 3 20 #"                    "
0 0 22 3 1 #"("
0 0 14 3 2 #"if"
0 0 19 3 1 #" "
0 0 22 3 1 #"("
0 0 14 3 3 #"not"
0 0 22 3 1 #"("
0 0 14 3 2 #"or"
0 0 19 3 1 #" "
0 0 22 3 1 #"("
0 0 14 3 3 #"and"
0 0 19 3 1 #" "
0 0 22 3 1 #"("
0 0 14 3 3 #"eq?"
0 0 19 3 1 #" "
0 0 14 3 7 #"direcao"
0 0 19 3 1 #" "
0 0 20 3 1 #"'"
0 0 14 3 5 #"right"
0 0 22 3 1 #")"
0 0 19 3 1 #" "
0 0 22 3 1 #"("
0 0 14 3 3 #"eq?"
0 0 19 3 1 #" "
0 0 14 3 5 #"tecla"
0 0 19 3 1 #" "
0 0 20 3 1 #"'"
0 0 14 3 4 #"left"
0 0 22 3 2 #"))"
0 0 19 29 1 #"\n"
0 0 19 3 28 #"                            "
0 0 22 3 1 #"("
0 0 14 3 3 #"and"
0 0 19 3 1 #" "
0 0 22 3 1 #"("
0 0 14 3 3 #"eq?"
0 0 19 3 1 #" "
0 0 14 3 7 #"direcao"
0 0 19 3 1 #" "
0 0 20 3 1 #"'"
0 0 14 3 4 #"left"
0 0 22 3 1 #")"
0 0 19 3 1 #" "
0 0 22 3 1 #"("
0 0 14 3 3 #"eq?"
0 0 19 3 1 #" "
0 0 14 3 5 #"tecla"
0 0 19 3 1 #" "
0 0 20 3 1 #"'"
0 0 14 3 5 #"right"
0 0 22 3 2 #"))"
0 0 19 29 1 #"\n"
0 0 19 3 28 #"                            "
0 0 22 3 1 #"("
0 0 14 3 3 #"and"
0 0 19 3 1 #" "
0 0 22 3 1 #"("
0 0 14 3 3 #"eq?"
0 0 19 3 1 #" "
0 0 14 3 7 #"direcao"
0 0 19 3 1 #" "
0 0 20 3 1 #"'"
0 0 14 3 2 #"up"
0 0 22 3 1 #")"
0 0 19 3 1 #" "
0 0 22 3 1 #"("
0 0 14 3 3 #"eq?"
0 0 19 3 1 #" "
0 0 14 3 5 #"tecla"
0 0 19 3 1 #" "
0 0 20 3 1 #"'"
0 0 14 3 4 #"down"
0 0 22 3 2 #"))"
0 0 19 29 1 #"\n"
0 0 19 3 28 #"                            "
0 0 22 3 1 #"("
0 0 14 3 3 #"and"
0 0 19 3 1 #" "
0 0 22 3 1 #"("
0 0 14 3 3 #"eq?"
0 0 19 3 1 #" "
0 0 14 3 7 #"direcao"
0 0 19 3 1 #" "
0 0 20 3 1 #"'"
0 0 14 3 4 #"down"
0 0 22 3 1 #")"
0 0 19 3 1 #" "
0 0 22 3 1 #"("
0 0 14 3 3 #"eq?"
0 0 19 3 1 #" "
0 0 14 3 5 #"tecla"
0 0 19 3 1 #" "
0 0 20 3 1 #"'"
0 0 14 3 2 #"up"
0 0 22 3 4 #"))))"
0 0 19 29 1 #"\n"
0 0 19 3 20 #"                    "
0 0 22 3 1 #"("
0 0 14 3 4 #"set!"
0 0 19 3 1 #" "
0 0 14 3 7 #"direcao"
0 0 19 3 1 #" "
0 0 14 3 5 #"tecla"
0 0 22 3 3 #")))"
0 0 19 29 1 #"\n"
0 0 19 3 18 #"                  "
0 0 19 29 1 #"\n"
0 0 19 3 18 #"                  "
0 0 19 29 1 #"\n"
0 0 19 3 18 #"                  "
0 0 17 3 82
(
 #";chamada pelo procedimento que calcula a nova cobra ap\303\263s um "
 #"novo instante do jogo"
) 0 0 19 29 1 #"\n"
0 0 19 3 18 #"                  "
0 0 22 3 1 #"("
0 0 14 3 4 #"set!"
0 0 19 3 1 #" "
0 0 14 3 4 #"temp"
0 0 19 3 1 #" "
0 0 22 3 1 #"("
0 0 14 3 10 #"snake-move"
0 0 19 3 1 #" "
0 0 14 3 5 #"snake"
0 0 19 3 1 #" "
0 0 14 3 7 #"direcao"
0 0 22 3 2 #"))"
0 0 19 29 1 #"\n"
0 0 19 3 18 #"                  "
0 0 22 3 1 #"("
0 0 14 3 2 #"if"
0 0 19 3 1 #" "
0 0 22 3 1 #"("
0 0 14 3 3 #"not"
0 0 19 3 1 #" "
0 0 22 3 1 #"("
0 0 14 3 3 #"eq?"
0 0 19 3 1 #" "
0 0 14 3 4 #"temp"
0 0 19 3 1 #" "
0 0 20 3 2 #"#f"
0 0 22 3 2 #"))"
0 0 19 3 1 #" "
0 0 22 3 1 #"("
0 0 14 3 4 #"set!"
0 0 19 3 1 #" "
0 0 14 3 5 #"snake"
0 0 19 3 1 #" "
0 0 14 3 4 #"temp"
0 0 22 3 2 #"))"
0 0 19 3 1 #" "
0 0 19 29 1 #"\n"
0 0 19 3 18 #"                  "
0 0 19 29 1 #"\n"
0 0 19 3 18 #"                  "
0 0 17 3 34 #";termina o jogo em caso de derrota"
0 0 19 29 1 #"\n"
0 0 19 3 18 #"                  "
0 0 22 3 1 #"("
0 0 14 3 2 #"if"
0 0 19 3 1 #" "
0 0 22 3 1 #"("
0 0 14 3 3 #"not"
0 0 22 3 1 #"("
0 0 14 3 3 #"eq?"
0 0 19 3 1 #" "
0 0 14 3 4 #"temp"
0 0 19 3 1 #" "
0 0 20 3 2 #"#f"
0 0 22 3 2 #"))"
0 0 19 3 4 #"    "
0 0 19 29 1 #"\n"
0 0 19 3 18 #"                  "
0 0 17 3 33 #";repete o ciclo principal do jogo"
0 0 19 29 1 #"\n"
0 0 19 3 18 #"                  "
0 0 22 3 1 #"("
0 0 14 3 9 #"principal"
0 0 19 3 1 #" "
0 0 14 3 5 #"snake"
0 0 22 3 1 #")"
0 0 19 29 1 #"\n"
0 0 19 3 18 #"                  "
0 0 19 29 1 #"\n"
0 0 19 3 18 #"                  "
0 0 17 3 15 #";termina o jogo"
0 0 19 29 1 #"\n"
0 0 19 3 18 #"                  "
0 0 22 3 1 #"("
0 0 15 3 5 #"begin"
0 0 19 29 1 #"\n"
0 0 19 3 19 #"                   "
0 0 17 3 66
#";se a pontuacao alta for superior a anterior, gurada-a no ficheiro"
0 0 19 29 1 #"\n"
0 0 19 3 18 #"                  "
0 0 22 3 1 #"("
0 0 14 3 2 #"if"
0 0 19 3 1 #" "
0 0 22 3 1 #"("
0 0 14 3 1 #">"
0 0 19 3 1 #" "
0 0 14 3 4 #"pont"
0 0 19 3 1 #" "
0 0 14 3 8 #"pontalta"
0 0 22 3 1 #")"
0 0 19 29 1 #"\n"
0 0 19 3 22 #"                      "
0 0 22 3 1 #"("
0 0 15 3 6 #"letrec"
0 0 19 3 1 #" "
0 0 22 3 2 #"(("
0 0 14 3 15 #"guarda-pontalta"
0 0 19 3 1 #" "
0 0 22 3 1 #"("
0 0 14 3 16 #"open-output-file"
0 0 19 3 23 #" \"snakescheme_score.txt"
0 0 19 3 2 #"\" "
0 0 20 3 1 #"'"
0 0 14 3 7 #"replace"
0 0 22 3 3 #")))"
0 0 19 29 1 #"\n"
0 0 19 3 18 #"                  "
0 0 22 3 1 #"("
0 0 14 3 7 #"display"
0 0 19 3 1 #" "
0 0 14 3 4 #"pont"
0 0 19 3 1 #" "
0 0 14 3 15 #"guarda-pontalta"
0 0 22 3 1 #")"
0 0 19 29 1 #"\n"
0 0 19 3 18 #"                  "
0 0 22 3 1 #"("
0 0 14 3 17 #"close-output-port"
0 0 19 3 1 #" "
0 0 14 3 15 #"guarda-pontalta"
0 0 22 3 3 #")))"
0 0 19 29 1 #"\n"
0 0 19 3 18 #"                  "
0 0 22 3 1 #"("
0 0 14 3 5 #"sleep"
0 0 19 3 1 #" "
0 0 20 3 1 #"3"
0 0 22 3 1 #")"
0 0 19 29 1 #"\n"
0 0 19 3 18 #"                  "
0 0 22 3 1 #"("
0 0 14 3 17 #"tecla-pressionada"
0 0 19 3 1 #" "
0 0 20 3 2 #"#t"
0 0 22 3 1 #")"
0 0 19 29 1 #"\n"
0 0 19 3 18 #"                  "
0 0 22 3 1 #"("
0 0 14 3 12 #"fecha-janela"
0 0 22 3 7 #")))))))"
0 0 19 29 1 #"\n"
0 0 19 3 6 #"      "
0 0 19 29 1 #"\n"
0 0 19 3 13 #"             "
0 0 22 3 1 #"("
0 0 14 3 9 #"principal"
0 0 19 3 1 #" "
0 0 14 3 5 #"snake"
0 0 22 3 4 #"))))"
0 0 19 29 1 #"\n"
0 0 19 3 13 #"             "
0 0 19 29 1 #"\n"
0 0 19 3 13 #"             "
0 0 19 29 1 #"\n"
0 0 19 29 1 #"\n"
0 0 19 29 1 #"\n"
0 0 19 29 1 #"\n"
0 0 22 3 1 #"("
0 0 15 3 6 #"define"
0 0 19 3 1 #" "
0 0 14 3 10 #"snake-move"
0 0 19 29 1 #"\n"
0 0 19 3 2 #"  "
0 0 22 3 1 #"("
0 0 15 3 6 #"lambda"
0 0 19 3 1 #" "
0 0 22 3 1 #"("
0 0 14 3 5 #"snake"
0 0 19 3 1 #" "
0 0 14 3 7 #"direcao"
0 0 22 3 1 #")"
0 0 19 3 2 #"  "
0 0 19 29 1 #"\n"
0 0 19 3 4 #"    "
0 0 19 29 1 #"\n"
0 0 19 3 4 #"    "
0 0 22 3 1 #"("
0 0 15 3 4 #"let*"
0 0 19 3 1 #" "
0 0 22 3 1 #"("
0 0 17 3 44
#";elimina\303\247\303\243o do \303\272ltimo pixel na nova cobra"
0 0 19 29 1 #"\n"
0 0 19 3 11 #"           "
0 0 22 3 1 #"("
0 0 14 3 10 #"snake-next"
0 0 19 3 1 #" "
0 0 22 3 1 #"("
0 0 14 3 9 #"list-tail"
0 0 19 3 1 #" "
0 0 14 3 5 #"snake"
0 0 19 3 1 #" "
0 0 20 3 1 #"1"
0 0 22 3 2 #"))"
0 0 19 29 1 #"\n"
0 0 19 3 11 #"           "
0 0 17 3 62
(
 #";obten\303\247\303\243o das coordenadas do primeiro pixel da cobra "
 #"(atual)"
) 0 0 19 29 1 #"\n"
0 0 19 3 13 #"             "
0 0 22 3 1 #"("
0 0 14 3 1 #"x"
0 0 19 3 1 #" "
0 0 22 3 1 #"("
0 0 14 3 3 #"car"
0 0 19 3 1 #" "
0 0 22 3 1 #"("
0 0 14 3 8 #"list-ref"
0 0 19 3 1 #" "
0 0 14 3 10 #"snake-next"
0 0 19 3 1 #" "
0 0 22 3 1 #"("
0 0 14 3 4 #"sub1"
0 0 19 3 1 #" "
0 0 22 3 1 #"("
0 0 14 3 6 #"length"
0 0 19 3 1 #" "
0 0 14 3 10 #"snake-next"
0 0 22 3 5 #")))))"
0 0 19 29 1 #"\n"
0 0 19 3 13 #"             "
0 0 22 3 1 #"("
0 0 14 3 1 #"y"
0 0 19 3 1 #" "
0 0 22 3 1 #"("
0 0 14 3 3 #"cdr"
0 0 19 3 1 #" "
0 0 22 3 1 #"("
0 0 14 3 8 #"list-ref"
0 0 19 3 1 #" "
0 0 14 3 10 #"snake-next"
0 0 19 3 1 #" "
0 0 22 3 1 #"("
0 0 14 3 4 #"sub1"
0 0 19 3 1 #" "
0 0 22 3 1 #"("
0 0 14 3 6 #"length"
0 0 19 3 1 #" "
0 0 14 3 10 #"snake-next"
0 0 22 3 6 #"))))))"
0 0 19 29 1 #"\n"
0 0 19 3 6 #"      "
0 0 19 29 1 #"\n"
0 0 19 3 6 #"      "
0 0 17 3 75
(
 #";c\303\241lculo do primeiro pixel da nova cobra de acordo com a dir"
 #"e\303\247\303\243o do jogo"
) 0 0 19 29 1 #"\n"
0 0 19 3 6 #"      "
0 0 22 3 1 #"("
0 0 15 3 4 #"cond"
0 0 19 29 1 #"\n"
0 0 19 3 8 #"        "
0 0 22 3 2 #"(("
0 0 14 3 3 #"eq?"
0 0 19 3 1 #" "
0 0 14 3 7 #"direcao"
0 0 19 3 1 #" "
0 0 20 3 1 #"'"
0 0 14 3 5 #"right"
0 0 22 3 1 #")"
0 0 19 3 1 #" "
0 0 22 3 1 #"("
0 0 14 3 4 #"set!"
0 0 19 3 1 #" "
0 0 14 3 1 #"x"
0 0 19 3 1 #" "
0 0 22 3 1 #"("
0 0 14 3 4 #"add1"
0 0 19 3 1 #" "
0 0 14 3 1 #"x"
0 0 22 3 3 #")))"
0 0 19 29 1 #"\n"
0 0 19 3 8 #"        "
0 0 22 3 2 #"(("
0 0 14 3 3 #"eq?"
0 0 19 3 1 #" "
0 0 14 3 7 #"direcao"
0 0 19 3 1 #" "
0 0 20 3 1 #"'"
0 0 14 3 4 #"left"
0 0 22 3 1 #")"
0 0 19 3 1 #" "
0 0 22 3 1 #"("
0 0 14 3 4 #"set!"
0 0 19 3 1 #" "
0 0 14 3 1 #"x"
0 0 19 3 1 #" "
0 0 22 3 1 #"("
0 0 14 3 4 #"sub1"
0 0 19 3 1 #" "
0 0 14 3 1 #"x"
0 0 22 3 3 #")))"
0 0 19 29 1 #"\n"
0 0 19 3 8 #"        "
0 0 22 3 2 #"(("
0 0 14 3 3 #"eq?"
0 0 19 3 1 #" "
0 0 14 3 7 #"direcao"
0 0 19 3 1 #" "
0 0 20 3 1 #"'"
0 0 14 3 2 #"up"
0 0 22 3 1 #")"
0 0 19 3 1 #" "
0 0 22 3 1 #"("
0 0 14 3 4 #"set!"
0 0 19 3 1 #" "
0 0 14 3 1 #"y"
0 0 19 3 1 #" "
0 0 22 3 1 #"("
0 0 14 3 4 #"sub1"
0 0 19 3 1 #" "
0 0 14 3 1 #"y"
0 0 22 3 3 #")))"
0 0 19 29 1 #"\n"
0 0 19 3 8 #"        "
0 0 22 3 2 #"(("
0 0 14 3 3 #"eq?"
0 0 19 3 1 #" "
0 0 14 3 7 #"direcao"
0 0 19 3 1 #" "
0 0 20 3 1 #"'"
0 0 14 3 4 #"down"
0 0 22 3 1 #")"
0 0 19 3 1 #" "
0 0 22 3 1 #"("
0 0 14 3 4 #"set!"
0 0 19 3 1 #" "
0 0 14 3 1 #"y"
0 0 19 3 1 #" "
0 0 22 3 1 #"("
0 0 14 3 4 #"add1"
0 0 19 3 1 #" "
0 0 14 3 1 #"y"
0 0 22 3 4 #"))))"
0 0 19 29 1 #"\n"
0 0 19 3 6 #"      "
0 0 19 29 1 #"\n"
0 0 19 3 6 #"      "
0 0 17 3 82
(
 #";se a cobra colidir com algum dos limites do tabuleiro, reaparece n"
 #"o limite oposto"
) 0 0 19 29 1 #"\n"
0 0 19 3 6 #"      "
0 0 22 3 1 #"("
0 0 15 3 4 #"cond"
0 0 19 3 1 #" "
0 0 22 3 2 #"(("
0 0 14 3 1 #"="
0 0 19 3 1 #" "
0 0 14 3 1 #"x"
0 0 19 3 1 #" "
0 0 22 3 1 #"("
0 0 14 3 5 #"cel-x"
0 0 19 3 1 #" "
0 0 14 3 7 #"tabjogo"
0 0 22 3 2 #"))"
0 0 19 3 1 #" "
0 0 22 3 1 #"("
0 0 14 3 4 #"set!"
0 0 19 3 1 #" "
0 0 14 3 1 #"x"
0 0 19 3 1 #" "
0 0 20 3 1 #"0"
0 0 22 3 2 #"))"
0 0 19 29 1 #"\n"
0 0 19 3 12 #"            "
0 0 22 3 2 #"(("
0 0 14 3 1 #"<"
0 0 19 3 1 #" "
0 0 14 3 1 #"x"
0 0 19 3 1 #" "
0 0 20 3 1 #"0"
0 0 22 3 1 #")"
0 0 19 3 1 #" "
0 0 22 3 1 #"("
0 0 14 3 4 #"set!"
0 0 19 3 1 #" "
0 0 14 3 1 #"x"
0 0 19 3 1 #" "
0 0 22 3 1 #"("
0 0 14 3 4 #"sub1"
0 0 19 3 1 #" "
0 0 22 3 1 #"("
0 0 14 3 5 #"cel-x"
0 0 19 3 1 #" "
0 0 14 3 7 #"tabjogo"
0 0 22 3 4 #"))))"
0 0 19 29 1 #"\n"
0 0 19 3 12 #"            "
0 0 22 3 2 #"(("
0 0 14 3 1 #"="
0 0 19 3 1 #" "
0 0 14 3 1 #"y"
0 0 19 3 1 #" "
0 0 22 3 1 #"("
0 0 14 3 5 #"cel-y"
0 0 19 3 1 #" "
0 0 14 3 7 #"tabjogo"
0 0 22 3 2 #"))"
0 0 19 3 1 #" "
0 0 22 3 1 #"("
0 0 14 3 4 #"set!"
0 0 19 3 1 #" "
0 0 14 3 1 #"y"
0 0 19 3 1 #" "
0 0 20 3 1 #"0"
0 0 22 3 2 #"))"
0 0 19 29 1 #"\n"
0 0 19 3 12 #"            "
0 0 22 3 2 #"(("
0 0 14 3 1 #"<"
0 0 19 3 1 #" "
0 0 14 3 1 #"y"
0 0 19 3 1 #" "
0 0 20 3 1 #"0"
0 0 22 3 1 #")"
0 0 19 3 1 #" "
0 0 22 3 1 #"("
0 0 14 3 4 #"set!"
0 0 19 3 1 #" "
0 0 14 3 1 #"y"
0 0 19 3 1 #" "
0 0 22 3 1 #"("
0 0 14 3 4 #"sub1"
0 0 19 3 1 #" "
0 0 22 3 1 #"("
0 0 14 3 5 #"cel-y"
0 0 19 3 1 #" "
0 0 14 3 7 #"tabjogo"
0 0 22 3 5 #")))))"
0 0 19 29 1 #"\n"
0 0 19 3 6 #"      "
0 0 19 29 1 #"\n"
0 0 19 3 6 #"      "
0 0 17 3 48 #";para o jogo se a cobra tiver batido em si mesmo"
0 0 19 29 1 #"\n"
0 0 19 3 6 #"      "
0 0 22 3 1 #"("
0 0 14 3 2 #"if"
0 0 19 3 1 #" "
0 0 22 3 1 #"("
0 0 14 3 6 #"member"
0 0 19 3 1 #" "
0 0 22 3 1 #"("
0 0 14 3 4 #"cons"
0 0 19 3 1 #" "
0 0 14 3 1 #"x"
0 0 19 3 1 #" "
0 0 14 3 1 #"y"
0 0 22 3 1 #")"
0 0 19 3 1 #" "
0 0 14 3 5 #"snake"
0 0 22 3 1 #")"
0 0 19 29 1 #"\n"
0 0 19 3 10 #"          "
0 0 17 3 29 #";escreve mensagem fim de jogo"
0 0 19 29 1 #"\n"
0 0 19 3 10 #"          "
0 0 22 3 1 #"("
0 0 15 3 5 #"begin"
0 0 19 29 1 #"\n"
0 0 19 3 12 #"            "
0 0 22 3 1 #"("
0 0 14 3 3 #"cor"
0 0 19 3 1 #" "
0 0 20 3 2 #"18"
0 0 22 3 1 #")"
0 0 19 29 1 #"\n"
0 0 19 3 12 #"            "
0 0 22 3 1 #"("
0 0 14 3 11 #"desenha-txt"
0 0 19 3 2 #" \""
0 0 19 3 4 #"Game"
0 0 19 3 1 #" "
0 0 19 3 5 #"Over\""
0 0 22 3 1 #")"
0 0 24 29 1 #"\n"
0 0 24 3 12 #"            "
0 0 20 3 2 #"#f"
0 0 22 3 1 #")"
0 0 24 29 1 #"\n"
0 0 24 3 10 #"          "
0 0 24 29 1 #"\n"
0 0 24 3 10 #"          "
0 0 22 3 1 #"("
0 0 15 3 5 #"begin"
0 0 24 29 1 #"\n"
0 0 24 3 12 #"            "
0 0 24 29 1 #"\n"
0 0 24 3 6 #"      "
0 0 17 3 41
#";adi\303\247\303\243o do novo pixel \303\240 lista da cobra"
0 0 24 29 1 #"\n"
0 0 24 3 6 #"      "
0 0 22 3 1 #"("
0 0 14 3 7 #"append!"
0 0 24 3 1 #" "
0 0 14 3 10 #"snake-next"
0 0 24 3 1 #" "
0 0 22 3 1 #"("
0 0 14 3 4 #"list"
0 0 24 3 1 #" "
0 0 22 3 1 #"("
0 0 14 3 4 #"cons"
0 0 24 3 1 #" "
0 0 14 3 1 #"x"
0 0 24 3 1 #" "
0 0 14 3 1 #"y"
0 0 22 3 3 #")))"
0 0 24 29 1 #"\n"
0 0 24 3 5 #"     "
0 0 24 29 1 #"\n"
0 0 24 3 12 #"            "
0 0 24 29 1 #"\n"
0 0 24 3 6 #"      "
0 0 17 3 58
(
 #";atualiza\303\247\303\243o dos pixeis em quest\303\243o (primeiro e"
 #" \303\272ltimo)"
) 0 0 24 29 1 #"\n"
0 0 24 3 6 #"      "
0 0 22 3 1 #"("
0 0 14 3 6 #"celula"
0 0 24 3 1 #" "
0 0 14 3 7 #"tabjogo"
0 0 24 3 1 #" "
0 0 14 3 1 #"x"
0 0 24 3 1 #" "
0 0 14 3 1 #"y"
0 0 24 3 1 #" "
0 0 20 3 1 #"'"
0 0 14 3 1 #"l"
0 0 24 3 1 #" "
0 0 20 3 1 #"0"
0 0 22 3 1 #")"
0 0 24 29 1 #"\n"
0 0 24 3 6 #"      "
0 0 17 3 45 #";se a serpente apanhar o objeto, gera um novo"
0 0 24 29 1 #"\n"
0 0 24 3 6 #"      "
0 0 22 3 1 #"("
0 0 14 3 2 #"if"
0 0 24 3 1 #" "
0 0 22 3 1 #"("
0 0 14 3 3 #"and"
0 0 24 3 1 #" "
0 0 22 3 1 #"("
0 0 14 3 3 #"eq?"
0 0 24 3 1 #" "
0 0 22 3 1 #"("
0 0 14 3 3 #"car"
0 0 24 3 1 #" "
0 0 14 3 6 #"objeto"
0 0 22 3 1 #")"
0 0 24 3 1 #" "
0 0 14 3 1 #"x"
0 0 22 3 1 #")"
0 0 24 3 1 #" "
0 0 22 3 1 #"("
0 0 14 3 3 #"eq?"
0 0 24 3 1 #" "
0 0 22 3 1 #"("
0 0 14 3 3 #"cdr"
0 0 24 3 1 #" "
0 0 14 3 6 #"objeto"
0 0 22 3 1 #")"
0 0 24 3 1 #" "
0 0 14 3 1 #"y"
0 0 22 3 2 #"))"
0 0 24 29 1 #"\n"
0 0 24 3 10 #"          "
0 0 22 3 1 #"("
0 0 15 3 5 #"begin"
0 0 24 29 1 #"\n"
0 0 24 3 12 #"            "
0 0 17 3 70
(
 #";cancela a elimina\303\247\303\243o do ultimo pixel, aumentando o t"
 #"amanho da cobra"
) 0 0 24 29 1 #"\n"
0 0 24 3 12 #"            "
0 0 22 3 1 #"("
0 0 14 3 4 #"set!"
0 0 24 3 1 #" "
0 0 14 3 10 #"snake-next"
0 0 24 3 1 #" "
0 0 22 3 1 #"("
0 0 14 3 6 #"append"
0 0 24 3 1 #" "
0 0 22 3 1 #"("
0 0 14 3 4 #"list"
0 0 24 3 1 #" "
0 0 22 3 1 #"("
0 0 14 3 3 #"car"
0 0 24 3 1 #" "
0 0 14 3 5 #"snake"
0 0 22 3 2 #"))"
0 0 24 3 1 #" "
0 0 14 3 10 #"snake-next"
0 0 22 3 2 #"))"
0 0 24 29 1 #"\n"
0 0 24 3 12 #"            "
0 0 22 3 1 #"("
0 0 14 3 4 #"set!"
0 0 24 3 1 #" "
0 0 14 3 6 #"objeto"
0 0 24 3 1 #" "
0 0 22 3 1 #"("
0 0 14 3 11 #"novo-objeto"
0 0 24 3 1 #" "
0 0 14 3 10 #"snake-next"
0 0 24 3 1 #" "
0 0 20 3 2 #"#f"
0 0 22 3 2 #"))"
0 0 24 29 1 #"\n"
0 0 24 3 12 #"            "
0 0 22 3 1 #"("
0 0 14 3 18 #"atualiza-pontuacao"
0 0 24 3 1 #" "
0 0 20 3 1 #"1"
0 0 22 3 2 #"))"
0 0 24 3 1 #" "
0 0 24 29 1 #"\n"
0 0 24 3 10 #"          "
0 0 17 3 35 #";elimina o ultimo pixel da serpente"
0 0 24 29 1 #"\n"
0 0 24 3 10 #"          "
0 0 22 3 1 #"("
0 0 14 3 6 #"celula"
0 0 24 3 1 #" "
0 0 14 3 7 #"tabjogo"
0 0 24 3 1 #" "
0 0 22 3 1 #"("
0 0 14 3 4 #"caar"
0 0 24 3 1 #" "
0 0 14 3 5 #"snake"
0 0 22 3 1 #")"
0 0 24 3 1 #" "
0 0 22 3 1 #"("
0 0 14 3 3 #"cdr"
0 0 24 3 1 #" "
0 0 22 3 1 #"("
0 0 14 3 3 #"car"
0 0 24 3 1 #" "
0 0 14 3 5 #"snake"
0 0 22 3 2 #"))"
0 0 24 3 1 #" "
0 0 20 3 1 #"'"
0 0 14 3 1 #"l"
0 0 24 3 1 #" "
0 0 20 3 2 #"26"
0 0 22 3 2 #"))"
0 0 24 29 1 #"\n"
0 0 24 3 6 #"      "
0 0 24 29 1 #"\n"
0 0 24 3 6 #"      "
0 0 17 3 31 #";retorno da nova lista da cobra"
0 0 24 29 1 #"\n"
0 0 24 3 6 #"      "
0 0 14 3 10 #"snake-next"
0 0 22 3 5 #")))))"
0 0 24 29 1 #"\n"
0 0 24 29 1 #"\n"
0 0 24 29 1 #"\n"
0 0 22 3 1 #"("
0 0 14 3 4 #"jogo"
0 0 24 3 1 #" "
0 0 14 3 10 #"init-snake"
0 0 22 3 1 #")"
0 00000000000
